accuracy: 0.8287858117326057
precision: 0.3430232558139535
recall: 0.8251748251748252
f1: 0.48459958932238195
AUC: 0.9092071949214807
confusion matrix: [[1097  226]
 [  25  118]]
