accuracy: 0.9167803547066848
precision: 0.6615384615384615
recall: 0.3006993006993007
f1: 0.41346153846153844
AUC: 0.9083561940704798
confusion matrix: [[1301   22]
 [ 100   43]]
